1 NA 2 0.166666666666667 11 0.25 105 0.5 140 0.25 149 0.333333333333333 18 0.166666666666667 180 0.5 197 0.166666666666667 200 0.5 3 0.5 239 0.333333333333333 264 0.166666666666667 308 0.5
2 0.420819851872853 1 0.166666666666667 16 0.0666666666666667 18 0.166666666666667 197 0.166666666666667 207 0.0666666666666667 220 0.0666666666666667 240 0.5 25 0.0666666666666667 264 0.5 4 0.0666666666666667 5 0.0666666666666667 55 0.0666666666666667 56 0.0666666666666667 59 0.0666666666666667 62 0.0666666666666667
3 NA 1 0.5 11 0.25 239 0.333333333333333 310 0.25 311 0.25
4 0.273369002627278 2 0.0666666666666667 16 0.5 165 0.0588235294117647 181 0.0588235294117647 207 0.0666666666666667 212 0.25 220 0.0666666666666667 239 0.0588235294117647 25 0.0666666666666667 262 0.0588235294117647 28 0.0588235294117647 321 0.0588235294117647 323 0.0588235294117647 325 0.0588235294117647 339 0.2 5 0.5 6 0.0588235294117647 53 0.0588235294117647 55 0.0666666666666667 56 0.0666666666666667 59 0.0666666666666667 62 0.0666666666666667
5 NA 2 0.0666666666666667 16 0.5 165 0.0588235294117647 181 0.0588235294117647 207 0.0666666666666667 220 0.0666666666666667 239 0.0588235294117647 25 0.0666666666666667 262 0.0588235294117647 28 0.0588235294117647 4 0.5 321 0.0588235294117647 323 0.0588235294117647 325 0.0588235294117647 6 0.0588235294117647 53 0.0588235294117647 55 0.0666666666666667 56 0.0666666666666667 59 0.0666666666666667 62 0.0666666666666667
6 NA 114 0.2 115 0.25 116 0.25 117 0.333333333333333 118 0.333333333333333 119 0.333333333333333 127 0.333333333333333 129 0.2 130 0.2 16 0.0588235294117647 181 0.0588235294117647 212 0.0588235294117647 262 0.0588235294117647 28 0.0588235294117647 4 0.0588235294117647 319 0.2 323 0.0588235294117647 325 0.0588235294117647 342 0.166666666666667 373 0.166666666666667 5 0.0588235294117647 7 0.2 70 0.0588235294117647
7 -0.0246033671406563 260 0.2 318 0.2 319 0.2 6 0.2 8 0.5
8 NA 17 0.166666666666667 18 0.166666666666667 173 0.166666666666667 329 0.166666666666667 7 0.5
9 0.00957745071421777 11 0.0909090909090909 17 0.25 18 0.25 27 0.0909090909090909 28 0.0909090909090909 30 0.0909090909090909 32 0.0909090909090909 70 0.0909090909090909 10 0.0909090909090909
10 0.403541860441012 11 0.142857142857143 27 0.0909090909090909 28 0.0909090909090909 30 0.0909090909090909 32 0.0909090909090909 314 0.142857142857143 320 0.142857142857143 351 0.142857142857143 70 0.0909090909090909 9 0.0909090909090909
11 1.30900192044309 1 0.25 12 0.333333333333333 13 0.5 3 0.25 27 0.2 28 0.0909090909090909 30 0.0909090909090909 32 0.2 314 0.142857142857143 320 0.142857142857143 351 0.142857142857143 70 0.0909090909090909 9 0.0909090909090909 10 0.142857142857143
12 NA 11 0.333333333333333 13 0.333333333333333 14 0.142857142857143 32 0.142857142857143 44 0.142857142857143 45 0.142857142857143
13 0.717574279663238 11 0.5 12 0.333333333333333 14 0.142857142857143 156 0.2 27 0.2 290 0.2 32 0.2 44 0.142857142857143 45 0.142857142857143
14 0.805156488000482 12 0.142857142857143 13 0.142857142857143 15 0.25 19 0.25 278 0.2 32 0.142857142857143 37 0.2 44 0.142857142857143 45 0.142857142857143
15 0.803141198633645 14 0.25 19 0.333333333333333 278 0.2 37 0.2 39 0.333333333333333 51 0.25
16 NA 2 0.0666666666666667 165 0.0588235294117647 181 0.0588235294117647 185 0.5 187 0.5 207 0.0666666666666667 220 0.0666666666666667 239 0.0588235294117647 25 0.0666666666666667 262 0.0588235294117647 28 0.0588235294117647 4 0.5 321 0.0588235294117647 323 0.0588235294117647 325 0.0588235294117647 5 0.5 6 0.0588235294117647 53 0.0588235294117647 55 0.0666666666666667 56 0.0666666666666667 59 0.0666666666666667 62 0.0666666666666667
17 0.23056676263875 18 0.25 173 0.166666666666667 329 0.166666666666667 8 0.166666666666667 9 0.25
18 NA 1 0.166666666666667 2 0.166666666666667 17 0.25 173 0.166666666666667 264 0.5 8 0.166666666666667 9 0.25
19 NA 14 0.25 15 0.333333333333333 278 0.2 37 0.2 39 0.333333333333333 51 0.25
20 NA 111 0.125 160 0.125 21 0.125 24 0.125 332 0.125 99 0.125
21 NA 160 0.125 20 0.125 332 0.125
22 0.865121945656886 150 0.2 151 0.2 161 0.333333333333333 185 0.111111111111111 220 0.2 23 0.25 318 0.111111111111111 329 0.111111111111111 35 0.111111111111111 355 0.2 356 0.2 414 0.111111111111111 415 0.111111111111111 100 0.111111111111111
23 0.231921564983549 22 0.25 25 0.25
24 NA 111 0.125 20 0.125 26 0.2 325 0.2 99 0.125
25 NA 2 0.0666666666666667 16 0.0666666666666667 151 0.142857142857143 169 0.142857142857143 207 0.0666666666666667 220 0.0666666666666667 23 0.25 26 0.142857142857143 4 0.0666666666666667 318 0.142857142857143 5 0.0666666666666667 55 0.0666666666666667 56 0.0666666666666667 59 0.0666666666666667 62 0.0666666666666667
26 NA 151 0.142857142857143 169 0.142857142857143 24 0.2 25 0.142857142857143 318 0.142857142857143 325 0.2
27 NA 11 0.2 13 0.2 156 0.2 260 0.2 28 0.0909090909090909 290 0.2 30 0.0909090909090909 32 0.2 34 0.2 70 0.0909090909090909 9 0.0909090909090909 10 0.0909090909090909
28 NA 11 0.0909090909090909 16 0.0588235294117647 151 0.5 165 0.333333333333333 181 0.0588235294117647 212 0.0588235294117647 239 0.0588235294117647 27 0.0909090909090909 262 0.0588235294117647 30 0.0909090909090909 4 0.0588235294117647 32 0.0909090909090909 319 0.0588235294117647 321 0.0588235294117647 323 0.0588235294117647 325 0.0588235294117647 328 0.333333333333333 5 0.0588235294117647 6 0.0588235294117647 53 0.0588235294117647 70 0.0909090909090909 9 0.0909090909090909 10 0.0909090909090909
29 NA 134 0.125 30 0.5 31 0.125 32 0.125 33 0.125
30 NA 11 0.0909090909090909 27 0.0909090909090909 28 0.0909090909090909 29 0.5 32 0.0909090909090909 70 0.0909090909090909 9 0.0909090909090909 10 0.0909090909090909
31 NA 106 0.2 134 0.125 139 0.2 229 0.2 29 0.125 32 0.125 33 0.125
32 0.172506126396207 11 0.2 12 0.142857142857143 13 0.2 14 0.142857142857143 134 0.125 156 0.2 260 0.2 27 0.2 28 0.0909090909090909 29 0.125 290 0.2 30 0.0909090909090909 31 0.125 33 0.125 34 0.2 44 0.142857142857143 45 0.142857142857143 70 0.0909090909090909 9 0.0909090909090909 10 0.0909090909090909
33 NA 134 0.125 29 0.125 31 0.125 32 0.125 34 0.142857142857143 335 0.142857142857143 35 0.142857142857143 342 0.142857142857143
34 -0.227248183780733 27 0.2 32 0.2 33 0.142857142857143 335 0.142857142857143 35 0.142857142857143 342 0.142857142857143
35 1.15746359549876 22 0.111111111111111 318 0.111111111111111 33 0.142857142857143 329 0.111111111111111 34 0.142857142857143 335 0.142857142857143 342 0.142857142857143 36 0.333333333333333 38 0.333333333333333 414 0.111111111111111 415 0.111111111111111
36 NA 35 0.333333333333333 37 0.5 38 0.333333333333333
37 1.43362319967888 14 0.2 15 0.2 161 0.333333333333333 19 0.2 278 0.2 36 0.5 355 0.2 356 0.2
38 NA 35 0.333333333333333 36 0.333333333333333
39 NA 15 0.333333333333333 19 0.333333333333333
40 NA
41 NA 272 0.142857142857143 273 0.142857142857143 274 0.166666666666667 275 0.166666666666667 280 0.166666666666667 287 0.166666666666667 42 0.142857142857143 52 0.142857142857143
42 NA 272 0.142857142857143 273 0.142857142857143 41 0.142857142857143 52 0.142857142857143
43 NA 44 0.333333333333333 51 0.333333333333333
44 NA 12 0.142857142857143 13 0.142857142857143 14 0.142857142857143 32 0.142857142857143 43 0.333333333333333 45 0.142857142857143 51 0.5
45 NA 12 0.142857142857143 13 0.142857142857143 14 0.142857142857143 32 0.142857142857143 44 0.142857142857143 46 0.5
46 0.650289415463829 45 0.5 49 0.333333333333333 50 0.333333333333333
47 0.920570684997086 48 0.5
48 NA 47 0.5 49 0.333333333333333 50 0.333333333333333
49 NA 46 0.333333333333333 48 0.333333333333333
50 NA 46 0.333333333333333 48 0.333333333333333
51 NA 15 0.25 19 0.25 272 0.5 43 0.333333333333333 44 0.5
52 0.374261938091356 272 0.142857142857143 273 0.142857142857143 274 0.2 284 0.2 287 0.2 41 0.142857142857143 42 0.142857142857143
53 NA 16 0.0588235294117647 151 0.142857142857143 181 0.0588235294117647 212 0.0588235294117647 232 0.142857142857143 237 0.5 239 0.5 253 0.142857142857143 261 0.142857142857143 262 0.0588235294117647 28 0.0588235294117647 4 0.0588235294117647 319 0.0588235294117647 323 0.0588235294117647 325 0.0588235294117647 5 0.0588235294117647 70 0.0588235294117647
54 NA 241 0.5
55 NA 2 0.0666666666666667 16 0.0666666666666667 25 0.0666666666666667 4 0.0666666666666667 5 0.0666666666666667 56 0.166666666666667 57 0.25 58 0.25 59 0.166666666666667 60 0.25 62 0.0666666666666667
56 NA 2 0.0666666666666667 16 0.0666666666666667 25 0.0666666666666667 4 0.0666666666666667 5 0.0666666666666667 55 0.166666666666667 57 0.25 58 0.25 59 0.166666666666667 60 0.25 62 0.0666666666666667
57 NA 55 0.25 56 0.25 59 0.25
58 NA 55 0.25 56 0.25 59 0.25
59 NA 2 0.0666666666666667 16 0.0666666666666667 25 0.0666666666666667 4 0.0666666666666667 5 0.0666666666666667 55 0.166666666666667 56 0.166666666666667 57 0.25 58 0.25 60 0.25 62 0.0666666666666667
60 NA 55 0.25 56 0.25 59 0.25 62 0.333333333333333
61 NA 222 0.25 362 0.25 62 0.5
62 NA 2 0.0666666666666667 16 0.0666666666666667 207 0.0666666666666667 220 0.0666666666666667 222 0.25 25 0.0666666666666667 4 0.0666666666666667 362 0.25 5 0.0666666666666667 55 0.0666666666666667 56 0.0666666666666667 59 0.0666666666666667 60 0.333333333333333 61 0.5
63 1.2799842649172
64 NA 65 0.5 74 0.333333333333333 77 0.333333333333333
65 -0.0578314745605728 64 0.5 66 0.5
66 NA 65 0.5 68 0.5
67 NA 68 0.5 69 0.5
68 NA 66 0.5 67 0.5
69 NA 348 0.333333333333333 67 0.5 70 0.333333333333333
70 NA 11 0.0909090909090909 165 0.0588235294117647 181 0.0588235294117647 239 0.0588235294117647 27 0.0909090909090909 262 0.0588235294117647 28 0.0909090909090909 30 0.0909090909090909 32 0.0909090909090909 321 0.0588235294117647 323 0.0588235294117647 325 0.0588235294117647 348 0.333333333333333 6 0.0588235294117647 53 0.0588235294117647 69 0.333333333333333 9 0.0909090909090909 10 0.0909090909090909
71 NA 73 0.5
72 NA
73 NA 71 0.5
74 NA 64 0.333333333333333 77 0.5
75 NA 77 0.5
76 NA 413 0.25 77 0.25
77 NA 413 0.25 64 0.333333333333333 74 0.5 75 0.5 76 0.25
78 NA 79 0.333333333333333 81 0.5
79 NA 78 0.333333333333333 80 0.5
80 NA 79 0.5 85 0.5
81 NA 78 0.5 82 0.5
82 NA 81 0.5 83 0.5
83 NA 82 0.5 84 0.5
84 NA 83 0.5 88 0.5
85 NA 80 0.5
86 NA 87 0.5
87 NA 86 0.5
88 NA 244 0.2 249 0.2 250 0.2 376 0.2 84 0.5
89 NA 193 0.5 194 0.5 231 0.333333333333333
90 NA 240 0.5
91 NA 102 0.333333333333333 150 0.0666666666666667 151 0.0666666666666667 153 0.0666666666666667 155 0.0666666666666667 158 0.0666666666666667 159 0.0666666666666667 263 0.0666666666666667 270 0.0666666666666667 418 0.0666666666666667 93 0.5 94 0.333333333333333 97 0.25
92 NA 150 0.0666666666666667 151 0.0666666666666667 153 0.0666666666666667 155 0.0666666666666667 158 0.0666666666666667 159 0.0666666666666667 263 0.0666666666666667 270 0.0666666666666667 418 0.0666666666666667 96 0.5
93 NA 91 0.5 95 0.5
94 NA 102 0.333333333333333 91 0.333333333333333 95 0.5
95 NA 93 0.5 94 0.5
96 NA 159 0.5 92 0.5
97 NA 102 0.25 135 0.25 136 0.25 91 0.25 98 0.25
98 0.481364152837197 120 0.0909090909090909 136 0.0909090909090909 151 0.0909090909090909 163 0.0909090909090909 164 0.0909090909090909 168 0.0909090909090909 169 0.0909090909090909 171 0.0909090909090909 177 0.0909090909090909 97 0.25 99 0.25
99 0.782893391916611 103 0.2 111 0.125 20 0.125 227 0.2 24 0.125 98 0.25
100 NA 150 0.1 155 0.1 158 0.1 187 0.1 22 0.111111111111111 318 0.111111111111111 329 0.111111111111111 414 0.111111111111111 415 0.111111111111111
101 NA 238 0.5
102 NA 91 0.333333333333333 94 0.333333333333333 97 0.25
103 NA 104 0.5 149 0.333333333333333 150 0.0666666666666667 151 0.0666666666666667 153 0.0666666666666667 155 0.0666666666666667 158 0.0666666666666667 159 0.0666666666666667 227 0.2 263 0.0666666666666667 270 0.0666666666666667 418 0.0666666666666667 99 0.2
104 NA 103 0.5 105 0.5
105 NA 1 0.5 104 0.5 223 0.5 321 0.25 322 0.25
106 NA 107 0.5 139 0.2 155 0.1 158 0.1 229 0.2 31 0.2
107 NA 106 0.5 108 0.5
108 NA 107 0.5 110 0.166666666666667 133 0.5 148 0.0909090909090909 180 0.0909090909090909 187 0.0909090909090909 190 0.0909090909090909 192 0.166666666666667 326 0.166666666666667 327 0.166666666666667 333 0.166666666666667 368 0.0909090909090909
109 NA 113 0.333333333333333 133 0.5 338 0.333333333333333
110 NA 108 0.166666666666667 111 0.25 120 0.25 121 0.25 122 0.25 125 0.25 148 0.0909090909090909 180 0.0909090909090909 187 0.0909090909090909 190 0.0909090909090909 192 0.166666666666667 236 0.25 326 0.166666666666667 327 0.166666666666667 368 0.0909090909090909
111 NA 110 0.25 112 0.5 119 0.25 120 0.25 121 0.25 122 0.25 20 0.125 24 0.125 236 0.25 99 0.125
112 NA 111 0.5 113 0.5
113 NA 109 0.333333333333333 112 0.5 338 0.333333333333333
114 -0.170694233687084 116 0.5 118 0.333333333333333 119 0.2 127 0.2 129 0.2 130 0.2 140 0.333333333333333 304 0.25 6 0.2
115 NA 116 0.25 118 0.25 6 0.25
116 0.29422739580738 114 0.5 115 0.25 118 0.25 141 0.25 142 0.25 342 0.166666666666667 373 0.166666666666667 6 0.25
117 NA 118 0.5 141 0.333333333333333 6 0.333333333333333
118 -0.295723024539968 114 0.333333333333333 115 0.25 116 0.25 117 0.5 119 0.333333333333333 127 0.333333333333333 129 0.2 130 0.2 140 0.5 141 0.5 142 0.25 146 0.5 304 0.25 342 0.166666666666667 373 0.166666666666667 6 0.333333333333333
119 -0.382058508976068 111 0.25 114 0.2 118 0.333333333333333 121 0.5 122 0.25 129 0.2 6 0.333333333333333
120 0.135110635530246 110 0.25 111 0.25 125 0.25 136 0.0909090909090909 151 0.0909090909090909 163 0.0909090909090909 164 0.0909090909090909 168 0.0909090909090909 169 0.0909090909090909 171 0.0909090909090909 177 0.0909090909090909 98 0.0909090909090909
121 NA 110 0.25 111 0.25 119 0.5 122 0.25 123 0.5 124 0.5 125 0.333333333333333 126 0.25 127 0.5 140 0.5 143 0.25 146 0.333333333333333 147 0.25 148 0.333333333333333 352 0.25 353 0.5 354 0.25
122 1.05499167158458 110 0.25 111 0.25 119 0.25 121 0.25 124 0.5 126 0.25 127 0.25 236 0.25
123 NA 121 0.5 124 0.333333333333333
124 NA 121 0.5 122 0.5 123 0.333333333333333
125 0.158107368396949 110 0.25 120 0.25 121 0.333333333333333 126 0.333333333333333
126 NA 121 0.25 122 0.25 125 0.333333333333333 127 0.25 155 0.1 158 0.1
127 NA 114 0.2 118 0.333333333333333 121 0.5 122 0.25 126 0.25 130 0.2 6 0.333333333333333
128 NA
129 NA 114 0.2 118 0.2 119 0.2 132 0.5 6 0.2
130 NA 114 0.2 118 0.2 127 0.2 131 0.5 6 0.2
131 NA 130 0.5
132 NA 129 0.5
133 1.28068511265548 108 0.5 109 0.5
134 NA 29 0.125 31 0.125 32 0.125 33 0.125
135 0.35900896035609 136 0.25 155 0.1 158 0.1 97 0.25
136 NA 120 0.0909090909090909 135 0.25 137 0.5 151 0.0909090909090909 168 0.0909090909090909 171 0.0909090909090909 97 0.25 98 0.0909090909090909
137 -0.406645507672002 136 0.5 138 0.5
138 NA 137 0.5 139 0.5
139 NA 106 0.2 138 0.5 147 0.5 229 0.2 31 0.2
140 NA 1 0.25 114 0.333333333333333 118 0.5 121 0.5 143 0.25 147 0.25 149 0.25 163 0.25 304 0.25 358 0.5 359 0.5
141 -0.185359134758002 116 0.25 117 0.333333333333333 118 0.5 142 0.25
142 NA 116 0.25 118 0.25 141 0.25
143 -0.376734904998523 121 0.25 140 0.25 144 0.5 147 0.25
144 NA 143 0.5
145 NA
146 NA 118 0.5 121 0.333333333333333 148 0.5
147 NA 121 0.25 139 0.5 140 0.25 143 0.25
148 NA 108 0.0909090909090909 110 0.0909090909090909 121 0.333333333333333 146 0.5 180 0.142857142857143 187 0.142857142857143 190 0.0909090909090909 192 0.0909090909090909 326 0.0909090909090909 327 0.142857142857143 368 0.0909090909090909
149 NA 1 0.333333333333333 103 0.333333333333333 140 0.25 160 0.25 163 0.25 239 0.25
150 NA 103 0.0666666666666667 151 0.2 153 0.0666666666666667 154 0.0666666666666667 155 0.1 158 0.1 159 0.0666666666666667 168 0.1 187 0.1 22 0.2 220 0.2 263 0.0666666666666667 270 0.0666666666666667 416 0.1 417 0.1 418 0.0666666666666667 91 0.0666666666666667 92 0.0666666666666667 100 0.1
151 0.54603473460359 103 0.0666666666666667 120 0.0909090909090909 136 0.0909090909090909 150 0.2 153 0.0666666666666667 154 0.0666666666666667 155 0.0666666666666667 158 0.0666666666666667 159 0.333333333333333 163 0.0909090909090909 164 0.0909090909090909 168 0.0909090909090909 169 0.142857142857143 171 0.0909090909090909 177 0.0909090909090909 196 0.25 22 0.2 220 0.2 232 0.25 237 0.25 25 0.142857142857143 26 0.142857142857143 251 0.25 252 0.25 253 0.142857142857143 254 0.2 261 0.142857142857143 263 0.0666666666666667 270 0.0666666666666667 28 0.5 318 0.142857142857143 336 0.2 337 0.25 418 0.0666666666666667 53 0.142857142857143 91 0.0666666666666667 92 0.0666666666666667 98 0.0909090909090909
152 NA 161 0.2 165 0.111111111111111 174 0.111111111111111 180 0.111111111111111 187 0.111111111111111 263 0.2 271 0.2
153 NA 103 0.0666666666666667 150 0.0666666666666667 151 0.0666666666666667 154 0.0666666666666667 155 0.0666666666666667 158 0.333333333333333 159 0.0666666666666667 263 0.0666666666666667 268 0.333333333333333 270 0.0666666666666667 418 0.0666666666666667 91 0.0666666666666667 92 0.0666666666666667
154 NA 150 0.0666666666666667 151 0.0666666666666667 153 0.0666666666666667 155 0.0666666666666667 158 0.0666666666666667 159 0.0666666666666667 263 0.0666666666666667 270 0.0666666666666667 399 0.5 418 0.0666666666666667
155 0.842180160521141 103 0.0666666666666667 106 0.1 126 0.1 135 0.1 150 0.1 151 0.0666666666666667 153 0.0666666666666667 154 0.0666666666666667 156 0.1 157 0.1 158 0.1 159 0.0666666666666667 168 0.1 187 0.1 263 0.0666666666666667 270 0.0666666666666667 304 0.5 416 0.1 417 0.1 418 0.1 91 0.0666666666666667 92 0.0666666666666667 100 0.1
156 NA 13 0.2 155 0.1 158 0.1 27 0.2 290 0.2 296 0.2 298 0.2 32 0.2
157 NA 155 0.1 158 0.1 353 0.5 355 0.25 356 0.25
158 NA 103 0.0666666666666667 106 0.1 126 0.1 135 0.1 150 0.1 151 0.0666666666666667 153 0.333333333333333 154 0.0666666666666667 155 0.1 156 0.1 157 0.1 159 0.0666666666666667 168 0.1 187 0.1 263 0.0666666666666667 268 0.333333333333333 270 0.0666666666666667 416 0.1 417 0.1 418 0.1 91 0.0666666666666667 92 0.0666666666666667 100 0.1
159 NA 103 0.0666666666666667 150 0.0666666666666667 151 0.333333333333333 153 0.0666666666666667 154 0.0666666666666667 155 0.0666666666666667 158 0.0666666666666667 225 0.5 228 0.25 263 0.0666666666666667 270 0.0666666666666667 418 0.0666666666666667 91 0.0666666666666667 92 0.0666666666666667 96 0.5
160 -0.170309668833176 149 0.25 20 0.125 21 0.125 239 0.25 332 0.125
161 0.385714193880955 152 0.2 22 0.333333333333333 263 0.2 271 0.2 356 0.2 37 0.333333333333333
162 -0.0197730690400276
163 NA 120 0.0909090909090909 140 0.25 149 0.25 151 0.0909090909090909 168 0.0909090909090909 171 0.0909090909090909 98 0.0909090909090909
164 NA 120 0.0909090909090909 151 0.0909090909090909 168 0.0909090909090909 171 0.0909090909090909 98 0.0909090909090909
165 NA 16 0.0588235294117647 152 0.111111111111111 166 0.142857142857143 167 0.142857142857143 174 0.111111111111111 175 0.111111111111111 180 0.111111111111111 181 0.0588235294117647 185 0.111111111111111 187 0.111111111111111 212 0.0588235294117647 262 0.142857142857143 266 0.142857142857143 28 0.333333333333333 4 0.0588235294117647 319 0.0588235294117647 323 0.0588235294117647 325 0.0588235294117647 328 0.333333333333333 5 0.0588235294117647 70 0.0588235294117647
166 NA 165 0.142857142857143 167 0.142857142857143 262 0.142857142857143 266 0.142857142857143
167 NA 165 0.142857142857143 166 0.142857142857143 262 0.142857142857143 266 0.142857142857143 269 0.5
168 NA 120 0.0909090909090909 136 0.0909090909090909 150 0.1 151 0.0909090909090909 155 0.1 158 0.1 163 0.0909090909090909 164 0.0909090909090909 169 0.0909090909090909 177 0.0909090909090909 187 0.1 98 0.0909090909090909
169 NA 120 0.0909090909090909 151 0.142857142857143 168 0.0909090909090909 171 0.0909090909090909 25 0.142857142857143 26 0.142857142857143 351 0.5 98 0.0909090909090909
170 NA
171 NA 120 0.0909090909090909 136 0.0909090909090909 151 0.0909090909090909 163 0.0909090909090909 164 0.0909090909090909 169 0.0909090909090909 177 0.0909090909090909 98 0.0909090909090909
172 NA 183 0.25 186 0.25
173 0.392137097168766 17 0.166666666666667 18 0.166666666666667 178 0.5 329 0.166666666666667 8 0.166666666666667
174 NA 152 0.111111111111111 165 0.111111111111111 175 0.111111111111111 176 0.25 180 0.111111111111111 181 0.25 182 0.25 185 0.111111111111111 187 0.111111111111111
175 NA 165 0.111111111111111 174 0.111111111111111 180 0.111111111111111 187 0.111111111111111
176 NA 174 0.25 182 0.25
177 NA 120 0.0909090909090909 151 0.0909090909090909 168 0.0909090909090909 171 0.0909090909090909 183 0.5 98 0.0909090909090909
178 -0.251688799478663 173 0.5 182 0.333333333333333 349 0.333333333333333
179 0.74758434096735 180 0.166666666666667 181 0.166666666666667 198 0.166666666666667
180 -0.489645688040288 1 0.5 108 0.0909090909090909 110 0.0909090909090909 148 0.142857142857143 152 0.111111111111111 165 0.111111111111111 174 0.111111111111111 175 0.111111111111111 179 0.166666666666667 181 0.166666666666667 185 0.111111111111111 187 0.142857142857143 190 0.0909090909090909 192 0.0909090909090909 198 0.166666666666667 326 0.0909090909090909 327 0.142857142857143 368 0.0909090909090909
181 NA 16 0.0588235294117647 165 0.0588235294117647 174 0.25 179 0.166666666666667 180 0.166666666666667 182 0.25 198 0.166666666666667 212 0.25 239 0.0588235294117647 262 0.0588235294117647 28 0.0588235294117647 4 0.0588235294117647 319 0.0588235294117647 321 0.0588235294117647 323 0.0588235294117647 325 0.0588235294117647 331 0.25 5 0.0588235294117647 6 0.0588235294117647 53 0.0588235294117647 70 0.0588235294117647
182 -0.483054736280164 174 0.25 176 0.25 178 0.333333333333333 181 0.25 184 0.5
183 NA 172 0.25 177 0.5 186 0.25 214 0.25
184 NA 182 0.5 186 0.5
185 NA 16 0.5 165 0.111111111111111 174 0.111111111111111 180 0.111111111111111 187 0.5 22 0.111111111111111 318 0.111111111111111 329 0.111111111111111 414 0.111111111111111 415 0.111111111111111
186 NA 172 0.25 183 0.25 184 0.5 214 0.25
187 NA 108 0.0909090909090909 110 0.0909090909090909 148 0.142857142857143 150 0.1 16 0.5 152 0.111111111111111 155 0.1 158 0.1 165 0.111111111111111 168 0.1 174 0.111111111111111 175 0.111111111111111 180 0.142857142857143 185 0.5 190 0.0909090909090909 192 0.0909090909090909 326 0.0909090909090909 327 0.166666666666667 333 0.5 368 0.0909090909090909 416 0.1 417 0.1 100 0.1
188 NA 189 0.5
189 NA 188 0.5
190 NA 108 0.0909090909090909 110 0.0909090909090909 148 0.0909090909090909 180 0.0909090909090909 187 0.0909090909090909 191 0.333333333333333 192 0.0909090909090909 193 0.333333333333333 194 0.5 326 0.0909090909090909 368 0.0909090909090909
191 NA 190 0.333333333333333 192 0.5
192 NA 108 0.166666666666667 110 0.166666666666667 148 0.0909090909090909 180 0.0909090909090909 187 0.0909090909090909 190 0.0909090909090909 191 0.5 327 0.166666666666667 368 0.0909090909090909
193 NA 190 0.333333333333333 195 0.5 89 0.5
194 NA 190 0.5 195 0.5 89 0.5
195 NA 193 0.5 194 0.5
196 0.800626039278181 151 0.25 197 0.25
197 0.361787114576596 1 0.166666666666667 2 0.166666666666667 196 0.25 198 0.333333333333333 264 0.166666666666667 265 0.5 266 0.5 337 0.25
198 NA 179 0.166666666666667 180 0.166666666666667 181 0.166666666666667 197 0.333333333333333
199 NA 204 0.5 208 0.333333333333333 210 0.5 211 0.5
200 NA 1 0.5
201 NA 202 0.25 203 0.333333333333333
202 NA 201 0.25 203 0.333333333333333
203 0.598806448936737 201 0.333333333333333 202 0.333333333333333 206 0.5 212 0.25 331 0.25
204 0.369408145849522 199 0.5
205 -0.0406820588030083 210 0.5 212 0.5
206 NA 203 0.5 207 0.5
207 NA 2 0.0666666666666667 16 0.0666666666666667 206 0.5 210 0.2 25 0.0666666666666667 4 0.0666666666666667 5 0.0666666666666667 62 0.0666666666666667
208 NA 199 0.333333333333333 209 0.333333333333333
209 0.451859343104955 208 0.333333333333333 210 0.2
210 0.322649622804824 199 0.5 205 0.5 207 0.2 209 0.2 360 0.2
211 0.429731384421878 199 0.5
212 NA 165 0.0588235294117647 181 0.25 203 0.25 205 0.5 239 0.0588235294117647 262 0.0588235294117647 28 0.0588235294117647 4 0.25 321 0.0588235294117647 323 0.0588235294117647 325 0.0588235294117647 331 0.25 339 0.2 6 0.0588235294117647 53 0.0588235294117647
213 NA 221 0.5 269 0.5 305 0.5
214 -0.282617721481349 183 0.25 186 0.25 215 0.5
215 -0.385927956594824 214 0.5
216 NA
217 NA 218 0.333333333333333 221 0.333333333333333
218 NA 217 0.333333333333333 219 0.333333333333333 223 0.333333333333333
219 0.0961904414213062 218 0.333333333333333
220 NA 2 0.0666666666666667 150 0.2 16 0.0666666666666667 151 0.2 22 0.2 25 0.0666666666666667 4 0.0666666666666667 5 0.0666666666666667 62 0.0666666666666667
221 NA 213 0.5 217 0.333333333333333 268 0.5
222 -0.384270892542415 362 0.25 61 0.25 62 0.25
223 NA 105 0.5 218 0.333333333333333
224 NA
225 NA 159 0.5 226 0.25 228 0.25
226 NA 225 0.25 228 0.25
227 NA 103 0.2 99 0.2
228 1.08405849401985 159 0.25 225 0.25 226 0.25
229 NA 106 0.2 139 0.2 235 0.5 31 0.2
230 0.480558740371964 231 0.333333333333333
231 NA 230 0.333333333333333 89 0.333333333333333
232 NA 151 0.25 233 0.5 237 0.25 251 0.25 252 0.25 253 0.142857142857143 254 0.2 261 0.142857142857143 336 0.2 53 0.142857142857143
233 NA 232 0.5 236 0.5
234 NA 235 0.5 236 0.5
235 NA 229 0.5 234 0.5
236 NA 110 0.25 111 0.25 122 0.25 233 0.5 234 0.5
237 NA 151 0.25 232 0.25 251 0.25 253 0.142857142857143 261 0.142857142857143 53 0.5
238 NA 101 0.5
239 NA 1 0.333333333333333 149 0.25 16 0.0588235294117647 160 0.25 181 0.0588235294117647 3 0.333333333333333 212 0.0588235294117647 262 0.0588235294117647 28 0.0588235294117647 4 0.0588235294117647 319 0.0588235294117647 323 0.0588235294117647 325 0.0588235294117647 5 0.0588235294117647 53 0.5 70 0.0588235294117647
240 NA 2 0.5 90 0.5
241 NA 54 0.5
242 NA
243 NA 245 0.333333333333333
244 NA 249 0.2 250 0.2 255 0.5 376 0.2 88 0.2
245 NA 243 0.333333333333333 246 0.5
246 NA 245 0.5 247 0.5
247 NA 246 0.5 248 0.5
248 NA 247 0.5 249 0.5
249 NA 244 0.2 248 0.5 250 0.2 88 0.2
250 NA 244 0.2 249 0.2 251 0.25 253 0.25 261 0.25 376 0.2 88 0.2
251 NA 151 0.25 232 0.25 237 0.25 250 0.25 252 0.25 253 0.25 261 0.25
252 NA 151 0.25 232 0.25 251 0.25
253 NA 151 0.142857142857143 232 0.142857142857143 237 0.142857142857143 250 0.25 251 0.25 261 0.25 53 0.142857142857143
254 NA 151 0.2 232 0.2
255 NA 244 0.5 256 0.5
256 NA 255 0.5 257 0.5
257 NA 256 0.5 258 0.5
258 NA 257 0.5 259 0.5
259 NA 258 0.5 260 0.5
260 NA 259 0.5 27 0.2 32 0.2 319 0.2 7 0.2
261 NA 151 0.142857142857143 232 0.142857142857143 237 0.142857142857143 250 0.25 251 0.25 253 0.25 53 0.142857142857143
262 NA 16 0.0588235294117647 165 0.142857142857143 166 0.142857142857143 167 0.142857142857143 181 0.0588235294117647 212 0.0588235294117647 239 0.0588235294117647 266 0.142857142857143 28 0.0588235294117647 4 0.0588235294117647 319 0.0588235294117647 321 0.0588235294117647 323 0.0588235294117647 325 0.0588235294117647 5 0.0588235294117647 6 0.0588235294117647 53 0.0588235294117647 70 0.0588235294117647
263 NA 103 0.0666666666666667 150 0.0666666666666667 151 0.0666666666666667 152 0.2 153 0.0666666666666667 154 0.0666666666666667 155 0.0666666666666667 158 0.0666666666666667 159 0.0666666666666667 161 0.2 271 0.5 91 0.0666666666666667 92 0.0666666666666667
264 NA 1 0.166666666666667 2 0.5 18 0.5 197 0.166666666666667
265 0.0682413121550904 197 0.5 266 0.333333333333333 420 0.5
266 NA 165 0.142857142857143 166 0.142857142857143 167 0.142857142857143 197 0.5 262 0.142857142857143 265 0.333333333333333
267 NA 268 0.5 292 0.5
268 NA 153 0.333333333333333 158 0.333333333333333 221 0.5 267 0.5
269 NA 167 0.5 213 0.5
270 NA 103 0.0666666666666667 150 0.0666666666666667 151 0.0666666666666667 153 0.0666666666666667 154 0.0666666666666667 155 0.0666666666666667 158 0.0666666666666667 159 0.0666666666666667 91 0.0666666666666667 92 0.0666666666666667
271 NA 152 0.2 161 0.2 263 0.5
272 NA 41 0.142857142857143 42 0.142857142857143 51 0.5 52 0.142857142857143
273 NA 41 0.142857142857143 42 0.142857142857143 52 0.142857142857143
274 NA 275 0.166666666666667 280 0.166666666666667 284 0.2 287 0.2 41 0.166666666666667 52 0.2
275 -0.158207747625736 274 0.166666666666667 280 0.166666666666667 282 0.5 287 0.166666666666667 41 0.166666666666667
276 NA 279 0.333333333333333 280 0.333333333333333 282 0.333333333333333
277 NA
278 NA 14 0.2 15 0.2 19 0.2 37 0.2
279 NA 276 0.333333333333333
280 1.29053289861183 274 0.166666666666667 275 0.166666666666667 276 0.333333333333333 287 0.166666666666667 41 0.166666666666667
281 NA
282 NA 275 0.5 276 0.333333333333333
283 NA 371 0.5 373 0.333333333333333
284 NA 274 0.2 286 0.333333333333333 287 0.2 52 0.2
285 NA 286 0.5
286 NA 284 0.333333333333333 285 0.5
287 NA 274 0.2 275 0.166666666666667 280 0.166666666666667 284 0.2 41 0.166666666666667 52 0.2
288 NA
289 -0.339593500965398
290 NA 13 0.2 156 0.2 27 0.2 296 0.2 298 0.2 32 0.2
291 NA 297 0.5
292 NA 267 0.5 293 0.5
293 NA 292 0.5 294 0.2 295 0.2 302 0.2 304 0.2
294 NA 293 0.2 295 0.2 297 0.5 302 0.2 304 0.2
295 NA 293 0.2 294 0.2 298 0.5 302 0.2 304 0.2
296 NA 156 0.2 290 0.2 298 0.2
297 NA 291 0.5 294 0.5
298 NA 156 0.2 290 0.2 295 0.5 296 0.2
299 NA 300 0.5
300 NA 299 0.5 301 0.5
301 NA 300 0.5 302 0.5
302 NA 293 0.2 294 0.2 295 0.2 301 0.5
303 NA 307 0.5
304 NA 114 0.25 118 0.25 140 0.25 155 0.5 293 0.2 294 0.2 295 0.2 305 0.5 307 0.333333333333333
305 NA 213 0.5 304 0.5
306 NA
307 NA 303 0.5 304 0.333333333333333
308 NA 1 0.5 312 0.333333333333333
309 NA 315 0.333333333333333
310 NA 3 0.25 311 0.25 314 0.333333333333333
311 NA 3 0.25 310 0.25
312 NA 308 0.333333333333333 315 0.333333333333333
313 NA 314 0.333333333333333
314 NA 11 0.142857142857143 310 0.333333333333333 313 0.333333333333333 320 0.142857142857143 351 0.142857142857143 10 0.142857142857143
315 NA 309 0.333333333333333 312 0.333333333333333 316 0.333333333333333 317 0.333333333333333
316 NA 315 0.333333333333333
317 NA 315 0.333333333333333
318 NA 151 0.142857142857143 185 0.111111111111111 22 0.111111111111111 25 0.142857142857143 26 0.142857142857143 319 0.2 35 0.111111111111111 414 0.111111111111111 7 0.2 100 0.111111111111111
319 NA 165 0.0588235294117647 181 0.0588235294117647 239 0.0588235294117647 260 0.2 262 0.0588235294117647 28 0.0588235294117647 318 0.2 321 0.0588235294117647 323 0.0588235294117647 325 0.0588235294117647 6 0.2 53 0.0588235294117647 7 0.2
320 NA 11 0.142857142857143 314 0.142857142857143 321 0.25 322 0.25 10 0.142857142857143
321 NA 105 0.25 16 0.0588235294117647 181 0.0588235294117647 212 0.0588235294117647 262 0.0588235294117647 28 0.0588235294117647 4 0.0588235294117647 319 0.0588235294117647 320 0.25 322 0.25 323 0.0588235294117647 325 0.0588235294117647 5 0.0588235294117647 70 0.0588235294117647
322 NA 105 0.25 320 0.25 321 0.25 324 0.5
323 NA 16 0.0588235294117647 165 0.0588235294117647 181 0.0588235294117647 212 0.0588235294117647 239 0.0588235294117647 262 0.0588235294117647 28 0.0588235294117647 4 0.0588235294117647 319 0.0588235294117647 321 0.0588235294117647 324 0.5 325 0.0588235294117647 5 0.0588235294117647 6 0.0588235294117647 53 0.0588235294117647 70 0.0588235294117647
324 NA 322 0.5 323 0.5
325 NA 16 0.0588235294117647 165 0.0588235294117647 181 0.0588235294117647 212 0.0588235294117647 24 0.2 239 0.0588235294117647 26 0.2 262 0.0588235294117647 28 0.0588235294117647 4 0.0588235294117647 319 0.0588235294117647 321 0.0588235294117647 323 0.0588235294117647 5 0.0588235294117647 6 0.0588235294117647 53 0.0588235294117647 70 0.0588235294117647
326 NA 108 0.166666666666667 110 0.166666666666667 148 0.0909090909090909 180 0.0909090909090909 187 0.0909090909090909 190 0.0909090909090909 327 0.5 368 0.0909090909090909
327 0.0920325940534744 108 0.166666666666667 110 0.166666666666667 148 0.142857142857143 180 0.142857142857143 187 0.166666666666667 192 0.166666666666667 326 0.5 333 0.166666666666667
328 NA 165 0.333333333333333 28 0.333333333333333 330 0.5
329 0.539564301071183 17 0.166666666666667 173 0.166666666666667 185 0.111111111111111 22 0.111111111111111 330 0.5 335 0.5 35 0.111111111111111 414 0.111111111111111 8 0.166666666666667 100 0.111111111111111
330 NA 328 0.5 329 0.5
331 NA 181 0.25 203 0.25 212 0.25
332 NA 160 0.125 20 0.125 21 0.125
333 NA 108 0.166666666666667 187 0.5 327 0.166666666666667
334 NA
335 NA 33 0.142857142857143 329 0.5 34 0.142857142857143 35 0.142857142857143
336 NA 151 0.2 232 0.2 340 0.5
337 NA 151 0.25 197 0.25
338 NA 109 0.333333333333333 113 0.333333333333333
339 NA 212 0.2 4 0.2 340 0.5
340 NA 336 0.5 339 0.5 341 0.5
341 NA 340 0.5
342 NA 116 0.166666666666667 118 0.166666666666667 33 0.142857142857143 34 0.142857142857143 35 0.142857142857143 344 0.5 347 0.5 6 0.166666666666667
343 NA 345 0.5
344 NA 342 0.5 345 0.5
345 NA 343 0.5 344 0.5
346 NA 347 0.5
347 NA 342 0.5 346 0.5
348 -0.479541007366317 350 0.5 69 0.333333333333333 70 0.333333333333333
349 NA 178 0.333333333333333
350 NA 348 0.5
351 NA 11 0.142857142857143 169 0.5 314 0.142857142857143 352 0.5 10 0.142857142857143
352 NA 121 0.25 351 0.5 353 0.25 354 0.25
353 NA 121 0.5 157 0.5 352 0.25 354 0.25 355 0.25 356 0.25
354 NA 121 0.25 352 0.25 353 0.25
355 NA 157 0.25 22 0.2 353 0.25 356 0.25 37 0.2
356 NA 157 0.25 161 0.2 22 0.2 353 0.25 355 0.25 37 0.2
357 NA 361 0.5
358 NA 140 0.5 361 0.5
359 NA 140 0.5 360 0.5
360 NA 210 0.2 359 0.5
361 NA 357 0.5 358 0.5
362 NA 222 0.25 363 0.5 61 0.25 62 0.25
363 NA 362 0.5 364 0.5
364 NA 363 0.5
365 NA
366 NA
367 NA
368 NA 108 0.0909090909090909 110 0.0909090909090909 148 0.0909090909090909 180 0.0909090909090909 187 0.0909090909090909 190 0.0909090909090909 192 0.0909090909090909 326 0.0909090909090909 369 0.5
369 NA 368 0.5 370 0.5 371 0.333333333333333 375 0.5
370 NA 369 0.5 371 0.333333333333333
371 NA 283 0.5 369 0.333333333333333 370 0.333333333333333
372 NA 374 0.5
373 NA 116 0.166666666666667 118 0.166666666666667 283 0.333333333333333 374 0.333333333333333 6 0.166666666666667
374 NA 372 0.5 373 0.333333333333333
375 NA 369 0.5 376 0.5
376 NA 244 0.2 250 0.2 375 0.5 88 0.2
377 NA 390 0.333333333333333 391 0.333333333333333
378 NA 405 0.333333333333333 407 0.333333333333333 408 0.333333333333333
379 NA 380 0.5
380 NA 379 0.5 386 0.5
381 NA 400 0.5
382 NA 383 0.5
383 NA 382 0.5 405 0.333333333333333 407 0.333333333333333
384 NA 401 0.5
385 NA 386 0.5 387 0.5
386 NA 380 0.5 385 0.5
387 NA 385 0.5
388 NA 389 0.5 402 0.5
389 NA 388 0.5 392 0.5
390 NA 377 0.333333333333333 391 0.333333333333333
391 NA 377 0.333333333333333 390 0.333333333333333
392 NA 389 0.5
393 NA 394 0.333333333333333
394 0.18508049069448 393 0.333333333333333 395 0.333333333333333 410 0.333333333333333
395 NA 394 0.333333333333333 396 0.5 401 0.333333333333333
396 -0.115565995921603 395 0.5 397 0.5
397 0.337338744524908 396 0.5 398 0.5
398 -0.260627908126699 397 0.5 399 0.5
399 NA 154 0.5 398 0.5
400 NA 381 0.5
401 NA 384 0.5 395 0.333333333333333
402 NA 388 0.5 403 0.5
403 NA 402 0.5
404 0.736965594166209 411 0.5
405 NA 378 0.333333333333333 383 0.333333333333333 407 0.5
406 NA 408 0.333333333333333
407 NA 378 0.333333333333333 383 0.333333333333333 405 0.5
408 NA 378 0.333333333333333 406 0.333333333333333
409 NA
410 NA 394 0.333333333333333
411 NA 404 0.5 412 0.5
412 NA 411 0.5
413 NA 76 0.25 77 0.25
414 NA 185 0.111111111111111 22 0.111111111111111 318 0.111111111111111 329 0.111111111111111 35 0.111111111111111 415 0.111111111111111 100 0.111111111111111
415 NA 185 0.111111111111111 22 0.111111111111111 35 0.111111111111111 414 0.111111111111111 100 0.111111111111111
416 NA 150 0.1 155 0.1 158 0.1 187 0.1 419 0.5
417 2.60156960906558 150 0.1 155 0.1 158 0.1 187 0.1
418 NA 103 0.0666666666666667 150 0.0666666666666667 151 0.0666666666666667 153 0.0666666666666667 154 0.0666666666666667 155 0.1 158 0.1 159 0.0666666666666667 91 0.0666666666666667 92 0.0666666666666667
419 NA 416 0.5
420 0.527824196327616 265 0.5
421 NA
422 NA
